0.346523 -0.0147099 1.43562
0.321897 -0.0153624 1.43988
0.297271 -0.0160148 1.44413
0.272644 -0.0166673 1.44839
0.248018 -0.0173198 1.45265
0.223392 -0.0179722 1.45691
0.198766 -0.0186247 1.46116
0.17414 -0.0192772 1.46542
0.149514 -0.0199296 1.46968
0.347375 -0.0396709 1.43672
0.322749 -0.0403234 1.44098
0.298123 -0.0409758 1.44524
0.273497 -0.0416283 1.4495
0.248871 -0.0422808 1.45375
0.224245 -0.0429332 1.45801
0.199619 -0.0435857 1.46227
0.174993 -0.0442382 1.46653
0.150366 -0.0448906 1.47079
0.348228 -0.0646319 1.43783
0.323602 -0.0652844 1.44209
0.298975 -0.0659368 1.44634
0.274349 -0.0665893 1.4506
0.249723 -0.0672418 1.45486
0.225097 -0.0678942 1.45912
0.200471 -0.0685467 1.46337
0.175845 -0.0691992 1.46763
0.151219 -0.0698516 1.47189
0.34908 -0.0895929 1.43893
0.324454 -0.0902454 1.44319
0.299828 -0.0908978 1.44745
0.275202 -0.0915503 1.45171
0.250576 -0.0922028 1.45596
0.22595 -0.0928552 1.46022
0.201323 -0.0935077 1.46448
0.176697 -0.0941602 1.46874
0.152071 -0.0948126 1.473
0.349933 -0.114554 1.44004
0.325306 -0.115206 1.4443
0.30068 -0.115859 1.44855
0.276054 -0.116511 1.45281
0.251428 -0.117164 1.45707
0.226802 -0.117816 1.46133
0.202176 -0.118469 1.46559
0.17755 -0.119121 1.46984
0.152924 -0.119774 1.4741
0.350785 -0.139515 1.44114
0.326159 -0.140167 1.4454
0.301533 -0.14082 1.44966
0.276907 -0.141472 1.45392
0.252281 -0.142125 1.45817
0.227654 -0.142777 1.46243
0.203028 -0.14343 1.46669
0.178402 -0.144082 1.47095
0.153776 -0.144735 1.47521
